0 351
1 2
2 184
3 107
4 126
5 253
6 167
7 334
8 462
9 304
10 20
11 474
12 81
13 440
14 59
15 337
16 424
17 175
18 119
19 132
20 352
21 188
22 454
23 318
24 147
25 19
26 78
27 14
28 302
29 133
30 280
31 66
32 219
33 467
34 231
35 325
36 124
37 296
38 354
39 123
40 438
41 339
42 269
43 286
44 383
45 82
46 309
47 376
48 151
49 181
50 289
51 276
52 113
53 389
54 356
55 397
56 371
57 492
58 404
59 344
60 79
61 475
62 196
63 429
64 349
65 222
66 255
67 321
68 346
69 44
70 1
71 69
72 246
73 71
74 63
75 114
76 179
77 488
78 198
79 314
80 156
81 326
82 361
83 402
84 273
85 58
86 446
87 83
88 353
89 28
90 213
91 466
92 370
93 227
94 49
95 390
96 137
97 216
98 341
99 380
100 209
101 10
102 324
103 91
104 138
105 218
106 399
107 80
108 362
109 106
110 408
111 148
112 229
113 428
114 263
115 403
116 157
117 427
118 387
119 495
120 215
121 409
122 21
123 328
124 131
125 145
126 32
127 135
128 73
129 410
130 169
131 423
132 377
133 65
134 217
135 343
136 62
137 77
138 210
139 322
140 101
141 140
142 307
143 444
144 489
145 90
146 369
147 401
148 105
149 152
150 208
151 384
152 185
153 323
154 271
155 121
156 25
157 47
158 38
159 455
160 278
161 415
162 468
163 41
164 393
165 332
166 3
167 226
168 406
169 18
170 470
171 279
172 103
173 207
174 498
175 412
176 234
177 53
178 232
179 166
180 416
181 251
182 477
183 425
184 155
185 285
186 443
187 190
188 30
189 448
190 24
191 163
192 259
193 277
194 228
195 233
196 270
197 194
198 283
199 42
200 316
201 142
202 272
203 88
204 45
205 250
206 150
207 51
208 118
209 48
210 265
211 180
212 74
213 333
214 144
215 146
216 109
217 386
218 248
219 268
220 483
221 311
222 342
223 290
224 160
225 243
226 11
227 252
228 141
229 385
230 256
231 187
232 434
233 29
234 104
235 164
236 117
237 55
238 457
239 422
240 481
241 92
242 496
243 159
244 357
245 64
246 174
247 366
248 199
249 439
250 487
251 472
252 76
253 456
254 493
255 33
256 299
257 484
258 260
259 36
260 95
261 116
262 192
263 193
264 189
265 294
266 170
267 7
268 158
269 375
270 320
271 89
272 52
273 97
274 173
275 171
276 445
277 102
278 398
279 56
280 86
281 327
282 34
283 449
284 365
285 313
286 204
287 235
288 264
289 249
290 458
291 394
292 178
293 315
294 355
295 291
296 5
297 241
298 447
299 494
300 230
301 473
302 421
303 100
304 300
305 93
306 254
307 452
308 16
309 203
310 391
311 432
312 436
313 347
314 317
315 478
316 486
317 220
318 127
319 441
320 125
321 206
322 258
323 298
324 238
325 378
326 176
327 274
328 388
329 85
330 312
331 12
332 108
333 379
334 177
335 262
336 183
337 335
338 87
339 284
340 497
341 134
342 330
343 130
344 364
345 374
346 96
347 115
348 413
349 476
350 482
351 363
352 201
353 288
354 471
355 136
356 149
357 244
358 205
359 40
360 72
361 373
362 381
363 17
364 162
365 168
366 382
367 360
368 240
369 281
370 266
371 110
372 431
373 128
374 245
375 39
376 405
377 437
378 211
379 27
380 197
381 247
382 129
383 22
384 13
385 195
386 4
387 94
388 9
389 6
390 161
391 225
392 419
393 400
394 111
395 411
396 224
397 433
398 35
399 338
400 336
401 261
402 310
403 282
404 293
405 143
406 491
407 172
408 358
409 305
410 23
411 191
412 139
413 435
414 61
415 221
416 414
417 499
418 214
419 329
420 8
421 239
422 165
423 396
424 479
425 450
426 395
427 267
428 359
429 237
430 186
431 120
432 331
433 417
434 306
435 31
436 345
437 442
438 461
439 54
440 464
441 426
442 60
443 202
444 287
445 430
446 212
447 469
448 367
449 15
450 153
451 99
452 459
453 485
454 348
455 275
456 465
457 368
458 453
459 242
460 236
461 98
462 67
463 420
464 154
465 68
466 319
467 295
468 297
469 50
470 75
471 407
472 303
473 463
474 418
475 200
476 340
477 112
478 223
479 70
480 46
481 292
482 0
483 372
484 122
485 182
486 26
487 84
488 308
489 392
490 37
491 460
492 301
493 490
494 43
495 350
496 480
497 257
498 451
499 57
